 01    1             AKRON      35.0     0         0       0         .00       0       36.70      0        3409       100        17        23     42.2       54.00         0        0    4490     8150.00         0        0      0       65.86      64       15     11781      65.8        12      34        36      37      15     59    3306        34         9         1        77      660000        18     28000     .00        0     13     3660        81
 02   51           ALABAMA      57.0     5         0      12         .20       3       67.48      8        7258        94        20        26     40.5       53.40         1        1    3610     6204.00         1        1     69       89.25      85       18     12855      66.3        32      57        59      57      21     41    6153        12        32        25        88      150555        17     18400   38.91       18     28     2594        82
 03   83           ARIZONA      51.3    10         5      98         .50       6       60.68      7        6405        81        20        26     46.5       60.75         1        1    4930     6990.00         1        1     29       81.79      61       20     21393      75.0         9      51        51      52      21     25    5462        18        20        36        94      415400        19     34800   83.78       18     32     2060        71
 04    2     ARIZONA STATE      46.7     2         4       5         .50       8       54.87      2       14349        76        20        26     47.2       60.70         1        1    4500     6559.00         1        1     24       77.54      72       14     25795      74.2        12      46        47      48      38     33    3202        23        16        34         .      142000        19     42500   19.87        0     29     2059        75
 05   52          ARKANSAS      41.3     9         9      92         .44      30       50.44      4       18294        88        21        27     42.2       54.10         1        1    3876     6763.00         1        1      5       86.20      75       21     10447      66.0        22      41        43      42      59     26    2810        12        24        13        93      211000        16     14500   89.78       20     32     2887        84
 06    3            AUBURN      65.7     1         1       0        1.00       1       64.29      5        8259        92        20        26     41.2       52.35         0        0    4960     7525.00         1        1     41       91.72      71       20     17003      63.5        27      66        66      65      19     32    2931         6        16        31        90       44000        16     21800   17.60       13     24     2565        91
 07    4        BALL STATE      54.7     3         1       0         .00       0       43.80      2        5630        81        18        24     38.3       50.40         0        0    4120     7514.00         0        0      0       89.53      66       24     14760      62.5        28      55        52      54      18     45    2691         7        37         7        76      119659        17     19400     .00        3     14     3394        91
 08    5            BAYLOR      69.3     0         0       0         .00       0       47.75      3        2689        88        21        27     42.5       56.55         0        0    4433    13911.00         0        0      0       96.09      61       26     10689      70.6        14      69        67      70      68     51    6102         4        31        18        78      129183        19     12400     .00        4     38     9478        79
 09    6    BOSTON COLLEGE      85.7     3         4       0         .67       0       49.56      3        3858        40        27        32     60.1       78.80         0        0    7770    28197.00         1        0      8       85.40      63       15      8925      97.5        25      86        85      85      44     49    3098        29        74        72        98      574000        13     14900    3.27       17     60    20427        80
 10    7     BOWLING GREEN      61.3     0         0       0         .00       0       57.01      2        2467        92        19        25     42.7       55.10         0        0    4862     9284.00         0        0      0       91.20      64       28     13716      67.5        15      62        59      60      19     51    2143         8        41         7        87       28176        23     17000     .00       12     12     4422        93
 11    8     BRIGHAM YOUNG      56.7     5         3       0         .20       3       68.80      7        9809        73        25        30     48.3       56.10         0        0    4130     6760.00         1        1     19       86.26      35       16     25502      63.9        21      56        57      58      32     26    2117         8        19        71        80      264000        21     31400   10.26        8     54     2630        92
 12   10  CENTRAL MICHIGAN      52.0     0         0       0         .00       0       50.94      2        2531        89        19        24     43.1       54.15         0        0    4320     7767.00         0        0      0       83.57       .       19     14449      65.2        12      51        50      54      53     53    3091         6        38         2        83       23285        21     24200     .00        0     46     3447        91
 13   84        CINCINNATI      46.7     8         7      60         .63       0       39.09      1       12977        86        19        25     44.3       59.35         1        1    5643    10002.00         0        0      0       74.78      52       18     15446      74.4        11      46        46      48      21     53    6898        35         0         .        78      364100        19     30000   40.98        0     15     4359        81
 14   11           CLEMSON      70.0     4         3      11         .75       0       59.48      5        9736        69        22        27     42.0       55.30         1        1    3888     7140.00         1        0     15       93.64      75       21     12223      68.6        21      70        72      70      20     39    2805        22        49        31        85       11145        17     16500   13.65        7     32     3252        89
 15   53          COLORADO      65.7     1         2       0        1.00       5       70.69      9        4308        85        23        27     46.0       60.95         0        0    6112     8303.00         1        1     81       88.28      82        5     19684      75.9        12      66        61      65      18     13    2744         9        27        31        96     1980000        14     27500   37.28        9     24     2191        84
 16   12    COLORADO STATE      56.7     1         1       0         .00       0       62.50      4        4420        76        22        26     46.4       58.50         0        0    5050     7975.00         1        1      9       85.27      77       13     17238      70.6        11      56        61      58      51     41    3070        14        24        21        97      104000        20     26000    3.68       18     24     2925        88
 17   13              DUKE      92.7     9         7      99         .44       3       30.00      1        9314        28        29        33     54.3       77.60         1        1    6853    28403.00         0        0      0       99.15      72       27      6334     100.9        45      93        92      92      36     40    3852        20        84        85        99      264000         8     12000   70.11       11     89    21550        71
 18   15       E  MICHIGAN      33.7     3         2       0         .67       0       32.11      0        2262        72        19        24     40.7       51.40         0        0    4528     8057.00         0        0      0       67.37      35       14     11786      62.1         6      32        35      37      29     32    2361        28        20        10        74       24846        19     22500     .00        4     38     3529        79
 19   14        E CAROLINA      48.7     1         0       0         .00       0       58.77      3        3969        78        18        22     43.5       53.70         0        0    3680     5486.00         1        0     12       90.62      59       19     13307      63.9        19      49        49      48      14     47    3089        15        32        13        76      108480        19     18263    4.91        5     12     1806        83
 20   85           FLORIDA      63.3     3         2       7         .67       7       82.26      7        9018        61        24        29     45.4       58.85         1        1    4610     6436.00         1        1    135       90.64      54        6     28531      72.3        19      63        63      64      21     25    2818         8        21         6        90      181600        23     40000   65.81       22     56     1826        75
 21   16     FLORIDA STATE      64.3     4         4      11         .25       2       89.34      9        6318        75        21        26     45.4       56.60         1        0    5742     7730.00         1        1    161       86.08      77       21     21262      67.8        21      64        64      65      43     35    2660        12        20        16        98      234000        22     28000   75.02       26     45     1988        77
 22    9      FRESNO STATE      45.7     0         0       0         .00       1       57.02      3       10197        66        16        21     43.9       55.95         0        0    5610     7412.00         0        0      0       81.75      69       11     11869      68.0         5      47        45      43      55     30    2046        27         7         5        95      756000        17     17200     .83        1     53     1802        51
 23   86           GEORGIA      60.7     3         2       4         .67       6       62.61      5        5840        66        24        28     47.4       61.90         1        1    4323     7161.00         1        1     35       89.75      73       19     21072      76.4        21      60        60      62       2     15       .         6        30        10        97      126200        15     29000   22.03        0     53     2838        88
 24   17      GEORGIA TECH      67.3     4         4      23         .25       1       57.39      4        6634        75        24        29     56.0       72.30         1        1    4563     7464.00         1        1     31       93.19      82       22      9668      88.6        20      67        69      68      28     41    3342         6        54        33        93     2960000        15     13000   29.22        4     82     2901        73
 25   54            HAWAII      54.3     1         0       0         .00       0       40.34      1        7861        67        20        25     48.9       62.20         0        0    4968     7917.00         1        0      1       83.66      80       12      9859      75.5        14      54        54      55       1     20    2723        19        21         5        90      362000        11     16000     .41        6     32     2949        15
 26   55           HOUSTON      35.3     2         0       0         .00       0       41.82      1        8479        74        18        24     47.8       63.80         0        0    4260     6517.00         1        0     11       66.70      72       12     16186      79.8         6      35        37      36      43     49    3195        27         9         3        87     3731000        19     31000    4.50       19     20     2257        44
 27   18          ILLINOIS      77.0     6         2       5         .67       0       44.25      5       13173        71        25        30     51.2       67.40         1        1    5078     9452.00         0        0      0       97.46      49       20     26754      83.6        23      77        78      77      26     62    3510         2        33         7        96      173025        15     62000    3.42       30     49     4374        72
 28   19           INDIANA      69.0    10         6      57         .50       1       43.24      3       15328        84        21        27     43.6       60.50         1        1    5492     9704.00         0        0      0       91.41      62       23     25437      77.4         0      70        66      67      29     38    3115         5        39        32        66       60633        22     34700   39.76        0     21     4212        88
 29   20              IOWA      62.7     6         6       8         .50       7       77.78      6       14173        84        22        27     48.4       64.55         1        0    4370     7368.00         1        1     17       86.79      68       14     16782      80.7        12      63        64      62      35     58    3850        11        29        28        98       59738        17     28400   18.23        0     20     2998        90
 30   21        IOWA STATE      60.0     5         4       7         .60       2       26.17      0       10142        91        22        27     46.3       61.80         1        1    3647     6413.00         0        0      0       90.63      46       18     19064      77.3        17      60        61      60      42     57    5204        11        34        17        93       49000        18     26000    6.44        6     26     2766        88
 31   56            KANSAS      55.3     9        10     135         .56       0       51.33      2       16277        63        21        27     42.8       54.85         1        1    3850     6235.00         1        1     12       89.51      87       22     17170      66.9        16      56        54      54      35     40    2909        10        22        28        98       44000        19     28000   97.11       22     26     2385        87
 32   22      KANSAS STATE      47.0     3         0       0         .33       0       74.36      6        9181        69        20        27     41.9       52.15         0        0    3640     6107.00         1        1     45       82.77      96       16     14511      62.4        26      48        45      45      29     48    3086        11        28         9        88       45000        15     21000   18.40        0     74     2467        91
 33   23              KENT      43.7     1         0       0         .00       0       13.76      0        2689        90        19        23     41.6       56.40         0        0    4530     9544.00         0        0      0       81.67      33       21     13324      71.2         8      43        42      45      20     79    4379        20        31         4        85       28835        19     23635     .00        0     10     5014        88
 34   87          KENTUCKY      49.3     9         8     118         .56       2       38.94      2       23367        78        22        27     48.3       59.75         1        1    4700     7436.00         0        0      0       88.02      71       17     15100      71.2        14      50        51      48      34     48    2743        15        30        13        98      405900        16     24000   82.25        0     29     2736        89
 35   57        LOUISVILLE      26.7     8         5      22         .50       0       54.84      3       19055        75        18        24     41.4       54.00         1        1    3230     5860.00         1        0      7       66.38      61       14      9713      66.6        18      26        30      28      27     43    2775        32         9         7        95      222600        16     22000   17.89        6     15     2630        81
 36   24               LSU      47.0     4         3       2         .00      17       48.21      3        7746        81        21        25     42.6       55.05         1        0    4338    10170.00         1        1     17       86.49      83       12     21416      67.5        25      47        48      47      30     51    2912        14        23         9        83      186605        20     29000   22.43       13     26     5832        81
 37   25          MARSHALL      38.0     0         0       0         .00       0       82.58      2        5639        92        17        23     40.2       46.45         0        0    4696     7136.00         1        1      0       83.53      46       19      7772      52.7        21      41        32      32      38     48    3482        19         0        15        85       54844        20     13000     .00        0     47     2440        93
 38   82          MARYLAND      61.7     6         3      12         .83       7       34.55      2       14474        64        23        28     49.3       65.15         1        1    5667    10127.00         0        0      0       87.30      60       16     21630      81.0        13      61        64      63      45     39    2897        14        36        24        90     2371400        14     33000   14.01        0     41     4460        63
 39   58           MEMPHIS      33.3     4         2       5         .50       0       41.28      0       13913        71        19        24     39.4       51.20         1        1    5000     7412.00         0        0      0       72.28      49       11     10945      63.0        12      34        31      32      37     47    2600        38         0         9        80     1007000        19     20000    3.42        0     64     2412        64
 40   77   MIAMI - FLORIDA      58.0     2         1       0        1.00       1       77.31      8        5812        59        22        27     47.9       64.10         0        0    7352    26864.00         1        1     86       90.44      68       22      7589      80.3        19      58        59      58      77     54    3465        10        38        47        90       40100        13     14000   36.00       10     45    19512        46
 41   26      MIAMI - OHIO      81.3     4         2       0         .75       0       62.86      0        6401        78        24        28     42.3       56.80         0        0    4840    10246.00         0        0      0       93.73      60       23     13875      71.3        10      82        80      80      21     39    3484         3        45        27        89       18937        18     16000     .00       13     33     5406        92
 42   59          MICHIGAN      83.3     6         5      51         .33       4       78.15     10       11139        59        25        30     53.0       72.45         1        1    5342    11220.00         1        1     88       93.73      39       22     22510      91.9        13      84        83      82      34     26    4311         4        39        28        95      490000        15     36500   74.15       14     63     5878        71
 43   27    MICHIGAN STATE      66.0     7         6      39         .43       0       49.57      5       14591        77        21        26     46.5       60.35         1        1    4052     8841.00         1        1      5       87.17      62       20     29715      74.2        11      66        66      66      34     45    2844         6        44         8        94      448000        18     41500   28.68        0     21     4789        82
 44   60         MINNESOTA      52.0     5         3      19         .60       0       35.71      0       14709        77        22        27     48.6       64.80         1        1    4245     8513.00         1        1      0       68.19      75        9     23093      81.0         8      52        49      52      19     46    3450        14        19        26        96     2539000        15     51400   12.98        0     28     4268        83
 45   35       MISSISSIPPI      47.7     3         0       8        1.00       0       58.26      4        5508        78        20        27     41.3       52.65         1        1    4460     7191.00         1        0      5       91.60       .       20      8141      64.0        13      47        48      49      36     54    3240         9        33        34        84       23000        21     11000    7.51       19     37     2731        86
 46   28  MISSISSIPPI STAT      46.3     3         2       2         .67       0       55.75      4        5018        71        20        28     42.0       51.65         1        1    4300     7031.00         1        1      3       85.75      50       15     10897      61.3        18      45        49      49      52     46    2695        14        34        18        84       33000        15     14800    2.59        9     38     2731        79
 47   64          MISSOURI      57.3     6         3      31         .17       0       40.00      2       12792        81        24        29     47.5       61.75         1        1    4290     8306.00         0        0      0       92.09      79       21     16298      76.0        16      57        60      58      56     40    2859         6        45        11        88      112300        19     22500   21.17        0     33     4016        87
 48   30       N  ILLINOIS      50.7     2         0       0         .50       0       30.00      0        1455        70        20        25     41.5       54.60         0        0    3988     8110.00         1        0      8       88.70      72       17     14494      67.7         9      51        50      50       6     42    2591        14        35         4        75       34925        18     23000    3.27       12     11     4122        75
 49   29          NC STATE      66.0     1         1       0         .00       0       57.76      5       10800        69        21        27     50.6       65.25         0        0    5650     7920.00         0        0      0       81.26      14       17     17612      79.9        19      67        63      64      51     49    4516        11        35         8        89      264000        15     28000     .00        7     34     2270        82
 50   61          NEBRASKA      48.0     5         0      10         .20       7       87.10     10        9166        82        21        27     43.0       58.35         1        0    3700     6529.00         1        1    107       87.70      75       19     15768      73.7        17      49        47      46      38     49    2690        10        25        12        92      513000        18     23900   56.40       17     25     2829        91
 51   63        NEW MEXICO      34.3     7         4      24         .57       0       41.38      1       17386        91        19        25     40.7       52.95         1        1    4314     6479.00         0        0      0       74.10      73       15     12075      65.2         9      33        36      37      84     18    3984        53        10        11        88      589000        19     23800   16.39        0     17     2165        57
 52   78    NORTH CAROLINA      82.7    10        10     111         .50      14       66.38      6       19308        35        24        29     49.2       68.60         1        1    4760     6933.00         1        1     30       94.15      64       22     14397      88.0        41      82        80      84      53     44    5929         5        40        17        89      264000        16     24100   99.70       35     69     2173        81
 53   31      NORTHWESTERN      90.7     0         0       0         .00       0       38.94      2        4940        33        28        32     58.5       79.95         0        0    6373    25525.00         1        1     19       99.15      50       25      7739     101.4        30      91        91      90      45     35    2682         1        76        73       100       73000         8     13000    7.77        4     86    19152        70
 54   97        NOTRE DAME      93.0     1         0       0         .00       2       70.59      8        8298        42         .         .        .           .         1        .    5750           .         1        .     65           .      52       25         .         .         .      93        94      93       .      .       .         .        79        89        98      247000        13     10301   28.24        9     84    22187        84
 55   33              OHIO      67.3     1         0       0         .00       0       31.48      0        6098        74        22        26     44.5       59.40         0        0    4698     8973.00         0        0      0       93.14      40       17     15479      74.3        14      68        70      66      35     61    2060         6        42        10        91       22000        22     19400     .00       18     19     4275        92
 56   32        OHIO STATE      55.7     4         3      34         .25       1       75.83     10       17223        79        21        27     47.4       64.60         1        0    5094     8781.00         1        1     82       85.46      75       17     30982      81.8        14      55        56      57      47     58    2738        14        22         7        99      633000        14     48300   57.59       19     26     3687        81
 57   65          OKLAHOMA      43.3     7         4      24         .71       2       55.36      3       10248        88        21        27     39.8       55.40         1        1    3909     6170.00         1        0     13       85.46      59       18     15247      71.0        18      44        46      42      60     45    3134        17        16        16        92       80071        21     22300   23.37        0     31     2261        71
 58   34    OKLAHOMA STATE      48.3     7         7      26         .43       4       38.53      1        5966        86        22        28     43.3       54.45         1        1    4280     6480.00         0        0      0       90.20      56       12     13988      65.6        25      48        51      49      67     40    2973        14        34        12        92       28000        18     19200   21.08       19     30     2200        80
 59   88            OREGON      57.0     1         1       0        1.00       0       59.32      6        7965        91        19        25     42.3       53.30         0        0    4646     8294.00         1        1     13       89.57      79       17     12163      64.3        13      56        57      59      25     42    3030        13        20        29        94      283000        17     17000    5.32        0     19     3648        80
 60   36      OREGON STATE      62.3     1         0       0         .00       0       26.36      0        6539        96        20        26     43.4       54.35         0        0    4851     8361.00         0        0      0       91.06      62       18     11104      65.3        42      63        59      61      37     54    7017        10        29        16        95       44757        18     14000     .00       10     27     3510        84
 61   37        PENN STATE      79.0     2         1       3         .50       8       78.86      9       10635        47        23        28     46.8       64.95         1        1    4338    10170.00         1        1     91       94.08      71       12     32882      83.1        21      78        80      81      30     51    2912         5        36        20        95       39000        19     60000   45.91        0     48     5832        87
 62   79        PITTSBURGH      61.7     2         2       0         .00       0       33.33      1        6174        68        22        28     45.7       63.25         0        0    5414    11578.00         0        0      0       83.41      86       18     14012      80.8        15      62        62      61      40     65    3457        16        37        21        96      369900        16     31400     .00        0     25     6164        84
 63   38            PURDUE      67.3     9         7      63         .56       1       43.24      2       14123        87        22        27     46.8       63.80         1        1    4930     9810.00         1        1      6       93.16      58       22     28095      80.8        16      69        65      64      30     50    5462         6        43        28        98       26000        16     36900   46.31       25     25     4880        85
 64   39              RICE      89.3     0         0       0         .00       0       50.46      0        2890        24        28        34     52.6       72.60         0        0    6200    20500.00         0        0      0       97.04      87       15      2724      92.6        40      90        92      88      59     33    2329         1        63        45        98     1638000         8      4100     .00        0     89    14300        64
 65   40           RUTGERS      74.3     1         1       0         .00       0       33.94      0        7526        63        24        29     47.8       67.35         0        0    5614    10960.00         0        0      0       88.31      79       19     23921      86.9        13      75        73      73      37     53    4529        11        52        13        98       41700        15     33900     .00       12     33     5346        64
 66   67     S MISSISSIPPI      44.0     2         0       0         .00       0       39.09      2        4219        65        19        23     37.9       50.90         0        0    4770     7360.00         1        1      2       84.55      42       13     10188      63.9         0      46        40      40       3     50    3037        26        28        18        90       48000        19     11500     .82        0     37     2590        75
 67   41   SAN DIEGO STATE      34.7     0         0       0         .00       0       34.58      1        3189        77        17        23     49.1       68.70         0        0    6626     8558.00         0        0      0       76.51      47       12     19720      88.3         7      34        37      36      30     37    2484        25        11         4        99     1111000        21     30000     .00        0     60     1932        55
 68   42    SAN JOSE STATE      37.3     0         0       0         .00       0       59.29      1        2003        75        16        21     46.3       56.75         0        0    5786     7799.00         0        0      0       69.30      69        9     14332      67.2         6      39        39      34      35     24    2498        37         5         1        83      782000        18     18000     .00        3     53     2013        39
 69   43               SMU      71.3     1         0       0         .00       0       34.58      0        3796        90        21        27     49.1       66.45         0        0    6108    22898.00         0        0      0       92.83      44       23      5217      83.8        23      72        70      70      79     35    3720         6        34        35        86     1008000        12      9400     .00        0     34    16790        76
 70   80    SOUTH CAROLINA      60.7     3         0      22        1.00       0       58.12      1        8311        71        19        25     43.4       57.05         1        1    3830     7364.00         0        0      0       80.29      86       17     12771      70.7        14      63        56      56      33     46    2810        13        48        17        89      454000        14     25500   15.03       10     33     3534        74
 71   44          STANFORD      93.3     6         5      11         .83      34       52.63      4       10088        13        28        33     60.1       87.05         1        1    7560    29085.00         1        0     12       89.49      63       24      6395     114.0        34      94        92      92      44     35    4052         1        92        55        99       23451         5     17700   40.64        4     87    21525        51
 72   45          SYRACUSE      69.7     9         6      41         .56       3       70.09      6       20800        58        24        29     43.7       57.05         1        1    7760    25760.00         1        1     27       90.72      66       21     11004      70.4        21      70        71      69      69     68    3085         2        72        56        86      163900        12     18600   41.54        0     33    18000        80
 73   48               TCU      60.3     1         0       6        1.00       0       25.00      2        5940        77        22        28     47.6       61.75         1        1    3860    14950.00         0        0      0       91.09      82       25      5697      75.9        25      59        63      63      58     48    5128         7        48        27        93      448000        15      7000    4.10        3     34    11090        84
 74   46            TEMPLE      45.0    10         7       9         .50       0       19.27      0        7925        68        22        27     47.2       66.60         1        1    5888    12038.00         0        0      0       77.66      62       16     13684      86.0        10      49        42      37      54     62    1664        26        18        27        96     1585600        15     28000    6.15        0     18     6150        55
 75   89         TENNESSEE      55.3     2         1       0        1.00       6       81.82     10       15797        76        21        26     42.3       54.85         0        0    3802     6378.00         1        1    102       86.61      75       18     17056      67.4        21      55        56      56      11     34    4411        15        34        15        85      586000        17     25500   46.70       16     25     2576        90
 76   68     TEXAS-EL PASO      23.3     0         0       0         .00       0       65.25      0        7367        77        16        21     41.9       54.00         0        0    5107     6989.00         0        0      0       68.60       .       11      8606      66.1         7      24        20      22       9     38    3336        32         0         2        89      515000        19     15400     .00        0     53     1882        15
 77   69             TEXAS      63.7     7         7       1         .57      11       77.87      4        9772        71        22        27     49.7       66.95         1        1    4260     7126.00         1        1     22       87.44      57       18     32530      84.2        13      63        67      65      39     43    3800         9        15         6        99      846000        21     48000   18.81       16     44     2866        65
 78   47         TEXAS A&M      68.3     0         0       0         .00       0       49.11      6        4083        86        23        28     48.8       61.10         0        0    4162     6499.00         1        1     71       93.29      80       20     33480      73.4        23      68        71      69      21     30    3356         4        32         5        91      222600        22     41900   29.04        6     45     2337        81
 79   49        TEXAS TECH      42.7     2         1      13         .50       1       16.52      5        7482        75        20        25     40.6       56.35         1        1    4290     7067.00         0        0      0       90.05      57       16     18032      72.1        27      42        49      44      38     30    3043        11        23         6        94      222636        19     24700    9.71        4     25     2777        83
 80   70            TOLEDO      37.0     0         0       0         .00       0       65.45      1        5696        95        18        25     41.5       54.65         0        0    4597    10549.00         0        0      0       70.73      67       16     11833      67.8         8      37        37      37       .     55    4846        25         8         3        80      614128        18     21700     .00        0     14     5952        78
 81   50            TULANE      72.7     2         4       0         .00       0       33.93      1        1781        79        23        28     48.3       66.85         0        0    6600    28666.00         1        1     14       78.90      77       22      5366      85.4        17      72        72      74      66     45    3881        14        41        66        97     1285000        12     12000    5.73        0     47    22066        77
 82   71             TULSA      58.0     5         4       0         .80       0       36.36      1        7867        80        23        29     40.9       56.80         0        0    4410    17550.00         0        0      0       91.20      74       20      2663      72.7        11      59        56      56      85     46    2927        15        45        23        96      367000        12      5000     .00        4     42    13140        71
 83   66    U S CALIFORNIA      67.7     3         1      13         .33       6       54.39      7        3801        45        26        30     55.9       73.85         1        0    6834    27314.00         1        1     18       93.07       .       19     14475      91.8        22      67        70      69      52     56    2501         9        43        31        89    14531000        13     28000   21.22        0     61    20480        48
 84   76      UC - BERKLEY      80.3     5         4       5         .40       5       48.25      4       10482        28        24        29     52.0       72.35         1        1    7657    12011.00         1        0     13       94.74      83       16     22836      92.7        18      80        80      81      42     38    3708         8        32        10        93      102700        17     30000   12.88        0     95     4354        59
 85   75              UCLA      77.7    10         6      69         .50      16       60.00      5       10130        33        24        29     52.0       72.25         1        1    6490    10540.00         1        1     34       94.74      56       15     22836      92.5        13      77        77      79      40     37    2896         9        31         3        98       14532        18     35600   74.31        0     97     4050        38
 86   62              UNLV      35.7     3         3      53         .33       2       67.23      4       13347        77        19        24     45.4       58.85         1        0    6100     8141.00         0        0      0       59.13      58       11      9751      72.3        11      35        35      37      28     27    3099        35         7        17        86      853000        21     18700   37.86        6     22     2041        68
 87   72              UTAH      38.0     7         8      46         .71       7       60.68      4       13987        88        20        27     40.1       53.10         1        1    4620     7221.00         1        0     11       61.31      95        9     12473      66.1        10      38        39      38       .     21    2899        34         6        16        97      160000        19     26400   41.73       18     21     2601        88
 88   92        VANDERBILT      81.7     3         1      13         .33       0       30.91      0       12034        59        26        30     48.7       70.95         1        0    7430    28330.00         0        0      0       98.49      54       26      5618      93.2        31      82        82      81      50     37    6334         0        83        87        96      985000         9      9200    8.88        0     63    20900        83
 89   90          VIRGINIA      91.3     6         4       8         .33       6       66.10      8        6624        34        26        31     48.5       69.70         1        1    4279     9065.00         1        1     14       94.62      40       22     12684      90.9        28      91        92      92      21     24    3221         2        47        32        93      131373        13     21500   16.17       20     79     4786        74
 90   93     VIRGINIA TECH      73.3     1         1       0        1.00       0       66.38      5        4040        74        22        27     47.0       60.55         0        0    3420     7567.00         1        1     19       97.42      49       22     20864      74.1        21      73        72      74      30     63    3137         4        39        26        92       34600        16     26600    7.77       16     31     4147        86
 91   98       W  MICHIGAN      52.0     1         1       0         .09       0       61.74      0        2538        84        20        25     43.3       55.85         0        0    4398     7954.00         0        0      0       80.30      54        6     16579      68.4        10      52        51      52      35     51    5000        15        32         5        83      429000        16     25700     .00        9     16     3556        85
 92   94       WAKE FOREST      85.0     7         8      47         .43       0       33.93      1        9957        48        26        31     46.1       63.70         1        1    5450    24900.00         0        0      0       99.09      80       26      3939      81.3        38      85        82      85      58     45    3800         3        81        69        95     1050000        11      6000   32.10        0     64    19450        88
 93   73        WASHINGTON      69.3     3         1       0        1.00       3       70.09      6        6699        66        22        28     47.8       60.40         0        0    5418     8784.00         1        1     53       84.03      97       16     21236      73.0        12      69        71      70      23     35    2775        17        17        11        99     2970000        12     34400   24.17       17     37     3366        67
 94   95  WASHINGTON STATE      63.0     1         0       0         .00       0       46.49      3        4684        90        21        27     44.0       55.35         0        0    4426     7692.00         1        1     18       85.69      58       17     14685      66.7        20      63        59      63      45     54    5560        21        49         9        88       23478        14     20100    7.36        0     40     3266        83
 95   96     WEST VIRGINIA      55.3     2         1       0         .50       0       57.02      4        6072        93        19        25     34.0       48.30         0        0    5005     7340.00         1        0     14       94.61      66       22     14357      62.6        11      56        55      54      29     55    3385         9        20        44        84       25900        19     21700    5.73        0     23     2335        91
 96   81         WISCONSIN      72.3     3         1       0         .67       2       59.63      5       15770        73        23        28     50.6       62.25         0        0    4066     7306.00         1        1     30       88.95      84       17     25780      73.9        13      72        73      73      13     35    4491         7        24        35        94      190800        13     36000   13.93       24     46     3240        87
 97   74           WYOMING      45.0     0         0       0         .00       0       61.54      2        6703        97        20        26     40.9       49.15         0        0    4244     6570.00         0        0      0       85.91      68       17      7386      57.4        15      45        48      45      50     41    4061        21        21        21        89       27000        15     11250     .00       12     27     2326        91